{
 "cells": [
  {
   "cell_type": "code",
   "execution_count": 45,
   "metadata": {},
   "outputs": [
    {
     "name": "stdout",
     "output_type": "stream",
     "text": [
      "   screen_name          created_at       created_at_dt  year   stance\n",
      "0  JohnBoozman 2008-08-04 17:28:51 2008-08-04 17:28:51  2008  Neutral\n",
      "1  JohnBoozman 2008-08-06 19:04:45 2008-08-06 19:04:45  2008  Neutral\n",
      "2  JohnBoozman 2008-08-06 20:35:36 2008-08-06 20:35:36  2008  Neutral\n",
      "3  JohnBoozman 2008-08-07 13:52:52 2008-08-07 13:52:52  2008  Neutral\n",
      "4  JohnBoozman 2008-08-07 15:12:05 2008-08-07 15:12:05  2008  Neutral\n"
     ]
    }
   ],
   "source": [
    "import pandas as pd\n",
    "\n",
    "TWEETS_PATH = \"congress_labeled.jsonl\"\n",
    "\n",
    "df = pd.read_json(TWEETS_PATH, lines=True)\n",
    "\n",
    "# convert created_at to datetime\n",
    "df[\"created_at_dt\"] = pd.to_datetime(df[\"created_at\"], unit=\"ms\", errors=\"coerce\")\n",
    "df[\"year\"] = df[\"created_at_dt\"].dt.year\n",
    "\n",
    "print(df[[\"screen_name\", \"created_at\", \"created_at_dt\", \"year\", \"stance\"]].head())"
   ]
  },
  {
   "cell_type": "code",
   "execution_count": 46,
   "metadata": {},
   "outputs": [
    {
     "name": "stdout",
     "output_type": "stream",
     "text": [
      "stance   Left  Neutral  Right\n",
      "year                         \n",
      "2008    0.045    0.804  0.152\n",
      "2009    0.073    0.736  0.190\n",
      "2010    0.089    0.669  0.241\n",
      "2011    0.118    0.634  0.248\n",
      "2012    0.111    0.641  0.248\n",
      "2013    0.117    0.606  0.277\n",
      "2014    0.118    0.612  0.270\n",
      "2015    0.119    0.591  0.290\n",
      "2016    0.108    0.565  0.327\n",
      "2017    0.173    0.483  0.344\n"
     ]
    }
   ],
   "source": [
    "# count tweets per year, stance\n",
    "counts = df.groupby([\"year\", \"stance\"]).size().reset_index(name=\"n\")\n",
    "\n",
    "# convert to proportions within each year\n",
    "counts[\"prop\"] = counts.groupby(\"year\")[\"n\"].transform(lambda x: x / x.sum())\n",
    "\n",
    "# pivot to rows = years, columns = stance\n",
    "stance_by_year = counts.pivot(index=\"year\", columns=\"stance\", values=\"prop\").fillna(0).round(3)\n",
    "\n",
    "print(stance_by_year)"
   ]
  },
  {
   "cell_type": "code",
   "execution_count": 47,
   "metadata": {},
   "outputs": [
    {
     "name": "stdout",
     "output_type": "stream",
     "text": [
      "   screen_name                                               text   stance  \\\n",
      "0  JohnBoozman  On a conference call about a weekend trip to I...  Neutral   \n",
      "1  JohnBoozman                          Being interviewed by KTHV  Neutral   \n",
      "2  JohnBoozman  Being interviewed by KARN on his Arkansas Worl...  Neutral   \n",
      "3  JohnBoozman              On KWHN in Fort Smith, that's 1320 AM  Neutral   \n",
      "4  JohnBoozman  Attending a Military of the Purple Heart Cerem...  Neutral   \n",
      "\n",
      "              party        office     state district  \n",
      "0  Republican Party  U.S. Senator  Arkansas     None  \n",
      "1  Republican Party  U.S. Senator  Arkansas     None  \n",
      "2  Republican Party  U.S. Senator  Arkansas     None  \n",
      "3  Republican Party  U.S. Senator  Arkansas     None  \n",
      "4  Republican Party  U.S. Senator  Arkansas     None  \n"
     ]
    }
   ],
   "source": [
    "import pandas as pd\n",
    "# load tweets\n",
    "df_tweets = pd.read_json(\"congress_labeled.jsonl\", lines=True)\n",
    "df_tweets[\"created_at_dt\"] = pd.to_datetime(df_tweets[\"created_at\"], unit=\"ms\", errors=\"coerce\")\n",
    "df_tweets[\"year\"] = df_tweets[\"created_at_dt\"].dt.year\n",
    "\n",
    "# load party labels\n",
    "party_df = pd.read_parquet(\"party_labels.parquet\")\n",
    "\n",
    "# merge on screen_name\n",
    "df_tweets = df_tweets.merge(\n",
    "    party_df[[\"screen_name\", \"party\", \"office\", \"state\", \"district\"]],\n",
    "    on=\"screen_name\",\n",
    "    how=\"left\",\n",
    ")\n",
    "\n",
    "print(df_tweets[[\"screen_name\", \"text\", \"stance\", \"party\", \"office\", \"state\", \"district\"]].head())"
   ]
  },
  {
   "cell_type": "code",
   "execution_count": 48,
   "metadata": {},
   "outputs": [],
   "source": [
    "def normalize_party(party: str) -> str:\n",
    "    p = party.lower()\n",
    "    if \"democrat\" in p:\n",
    "        return \"D\"\n",
    "    if \"republican\" in p or \"gop\" in p:\n",
    "        return \"R\"\n",
    "    return \"O\"\n",
    "\n",
    "df_tweets[\"party_code\"] = df_tweets[\"party\"].apply(normalize_party)"
   ]
  },
  {
   "cell_type": "code",
   "execution_count": 49,
   "metadata": {},
   "outputs": [
    {
     "name": "stdout",
     "output_type": "stream",
     "text": [
      "Democrats by year:\n",
      " stance   Left  Neutral  Right\n",
      "year                         \n",
      "2008    0.000    0.583  0.417\n",
      "2009    0.092    0.714  0.194\n",
      "2010    0.087    0.720  0.193\n",
      "2011    0.178    0.619  0.203\n",
      "2012    0.167    0.647  0.186\n",
      "2013    0.191    0.576  0.234\n",
      "2014    0.190    0.571  0.239\n",
      "2015    0.187    0.554  0.259\n",
      "2016    0.158    0.533  0.309\n",
      "2017    0.252    0.407  0.341\n",
      "Republicans by year:\n",
      " stance   Left  Neutral  Right\n",
      "year                         \n",
      "2008    0.050    0.830  0.120\n",
      "2009    0.062    0.749  0.188\n",
      "2010    0.090    0.647  0.263\n",
      "2011    0.089    0.643  0.269\n",
      "2012    0.073    0.637  0.290\n",
      "2013    0.071    0.624  0.305\n",
      "2014    0.072    0.638  0.290\n",
      "2015    0.067    0.619  0.315\n",
      "2016    0.057    0.598  0.345\n",
      "2017    0.066    0.584  0.350\n",
      "Third Party by year:\n",
      " stance   Left  Neutral  Right\n",
      "year                         \n",
      "2009    0.000    1.000  0.000\n",
      "2011    0.099    0.462  0.440\n",
      "2012    0.062    0.625  0.312\n",
      "2013    0.068    0.685  0.247\n",
      "2014    0.077    0.674  0.250\n",
      "2015    0.079    0.673  0.248\n",
      "2016    0.192    0.498  0.310\n",
      "2017    0.182    0.509  0.309\n"
     ]
    }
   ],
   "source": [
    "# counts per (party, year, stance)\n",
    "counts_py = (\n",
    "    df_tweets\n",
    "    .groupby([\"party_code\", \"year\", \"stance\"])\n",
    "    .size()\n",
    "    .reset_index(name=\"n\")\n",
    ")\n",
    "\n",
    "# proportions within each (party, year)\n",
    "counts_py[\"prop\"] = (\n",
    "    counts_py\n",
    "    .groupby([\"party_code\", \"year\"])[\"n\"]\n",
    "    .transform(lambda x: x / x.sum())\n",
    ")\n",
    "\n",
    "dem_year = (\n",
    "    counts_py[counts_py[\"party_code\"] == \"D\"]\n",
    "    .pivot(index=\"year\", columns=\"stance\", values=\"prop\")\n",
    "    .fillna(0)\n",
    "    .round(3)\n",
    ")\n",
    "\n",
    "rep_year = (\n",
    "    counts_py[counts_py[\"party_code\"] == \"R\"]\n",
    "    .pivot(index=\"year\", columns=\"stance\", values=\"prop\")\n",
    "    .fillna(0)\n",
    "    .round(3)\n",
    ")\n",
    "\n",
    "other_year = (\n",
    "    counts_py[counts_py[\"party_code\"] == \"O\"]\n",
    "    .pivot(index=\"year\", columns=\"stance\", values=\"prop\")\n",
    "    .fillna(0)\n",
    "    .round(3)\n",
    ")\n",
    "\n",
    "print(\"Democrats by year:\\n\", dem_year)\n",
    "print(\"Republicans by year:\\n\", rep_year)\n",
    "print(\"Third Party by year:\\n\", other_year)"
   ]
  },
  {
   "cell_type": "code",
   "execution_count": 50,
   "metadata": {},
   "outputs": [
    {
     "name": "stdout",
     "output_type": "stream",
     "text": [
      "stance           state  year      Left   Neutral     Right\n",
      "0              Alabama  2009  0.046584  0.866460  0.086957\n",
      "1              Alabama  2010  0.165877  0.585782  0.248341\n",
      "2              Alabama  2011  0.110345  0.697701  0.191954\n",
      "3              Alabama  2012  0.071358  0.710605  0.218038\n",
      "4              Alabama  2013  0.099127  0.654148  0.246725\n",
      "5              Alabama  2014  0.102203  0.639648  0.258150\n",
      "6              Alabama  2015  0.089589  0.597408  0.313003\n",
      "7              Alabama  2016  0.072929  0.601517  0.325554\n",
      "8              Alabama  2017  0.105567  0.549755  0.344678\n",
      "9               Alaska  2009  0.021277  0.702128  0.276596\n",
      "10              Alaska  2010  0.051095  0.693431  0.255474\n",
      "11              Alaska  2011  0.067416  0.692884  0.239700\n",
      "12              Alaska  2012  0.061630  0.793241  0.145129\n",
      "13              Alaska  2013  0.087054  0.691964  0.220982\n",
      "14              Alaska  2014  0.051903  0.783737  0.164360\n",
      "15              Alaska  2015  0.072149  0.677657  0.250194\n",
      "16              Alaska  2016  0.056731  0.700481  0.242788\n",
      "17              Alaska  2017  0.052811  0.672061  0.275128\n",
      "18             Arizona  2008  0.160000  0.600000  0.240000\n",
      "19             Arizona  2009  0.128713  0.435644  0.435644\n",
      "20             Arizona  2010  0.118421  0.469298  0.412281\n",
      "21             Arizona  2011  0.179528  0.455643  0.364829\n",
      "22             Arizona  2012  0.133540  0.454193  0.412267\n",
      "23             Arizona  2013  0.137378  0.561534  0.301088\n",
      "24             Arizona  2014  0.101784  0.525009  0.373207\n",
      "25             Arizona  2015  0.107615  0.524133  0.368252\n",
      "26             Arizona  2016  0.064404  0.539905  0.395691\n",
      "27             Arizona  2017  0.071440  0.551017  0.377543\n",
      "28            Arkansas  2008  0.000000  0.977273  0.022727\n",
      "29            Arkansas  2009  0.018750  0.931250  0.050000\n",
      "30            Arkansas  2010  0.162500  0.612500  0.225000\n",
      "31            Arkansas  2011  0.052434  0.816479  0.131086\n",
      "32            Arkansas  2012  0.049528  0.728774  0.221698\n",
      "33            Arkansas  2013  0.047407  0.615802  0.336790\n",
      "34            Arkansas  2014  0.044424  0.672880  0.282696\n",
      "35            Arkansas  2015  0.043977  0.686902  0.269120\n",
      "36            Arkansas  2016  0.028546  0.675103  0.296351\n",
      "37            Arkansas  2017  0.037389  0.691695  0.270916\n",
      "38          California  2009  0.088757  0.745562  0.165680\n",
      "39          California  2010  0.051796  0.727652  0.220551\n",
      "40          California  2011  0.170788  0.589186  0.240026\n",
      "41          California  2012  0.160590  0.582753  0.256657\n",
      "42          California  2013  0.164696  0.566010  0.269295\n",
      "43          California  2014  0.156452  0.577949  0.265599\n",
      "44          California  2015  0.162542  0.538712  0.298747\n",
      "45          California  2016  0.163177  0.489684  0.347140\n",
      "46          California  2017  0.255594  0.393133  0.351273\n",
      "47            Colorado  2009  0.061674  0.700441  0.237885\n",
      "48            Colorado  2010  0.084802  0.677313  0.237885\n",
      "49            Colorado  2011  0.156557  0.620492  0.222951\n",
      "50            Colorado  2012  0.205128  0.606838  0.188034\n",
      "51            Colorado  2013  0.104115  0.617322  0.278563\n",
      "52            Colorado  2014  0.103976  0.674142  0.221882\n",
      "53            Colorado  2015  0.116442  0.599557  0.284001\n",
      "54            Colorado  2016  0.111182  0.541957  0.346861\n",
      "55            Colorado  2017  0.164060  0.530375  0.305566\n",
      "56         Connecticut  2009  0.000000  0.944444  0.055556\n",
      "57         Connecticut  2010  0.093995  0.725849  0.180157\n",
      "58         Connecticut  2011  0.208696  0.591304  0.200000\n",
      "59         Connecticut  2012  0.129741  0.703593  0.166667\n",
      "60         Connecticut  2013  0.143820  0.648315  0.207865\n",
      "61         Connecticut  2014  0.211349  0.506702  0.281948\n",
      "62         Connecticut  2015  0.172738  0.559174  0.268088\n",
      "63         Connecticut  2016  0.158652  0.555774  0.285574\n",
      "64         Connecticut  2017  0.240299  0.449475  0.310226\n",
      "65            Delaware  2011  0.077655  0.792393  0.129952\n",
      "66            Delaware  2012  0.123675  0.759717  0.116608\n",
      "67            Delaware  2013  0.093633  0.704120  0.202247\n",
      "68            Delaware  2014  0.119767  0.667442  0.212791\n",
      "69            Delaware  2015  0.179367  0.577960  0.242673\n",
      "70            Delaware  2016  0.147290  0.589907  0.262804\n",
      "71            Delaware  2017  0.250776  0.462254  0.286970\n",
      "72             Florida  2009  0.050395  0.809289  0.140316\n",
      "73             Florida  2010  0.071823  0.709024  0.219153\n",
      "74             Florida  2011  0.127458  0.576111  0.296431\n",
      "75             Florida  2012  0.111404  0.494720  0.393875\n",
      "76             Florida  2013  0.100180  0.545597  0.354223\n",
      "77             Florida  2014  0.149279  0.588392  0.262329\n",
      "78             Florida  2015  0.158155  0.528410  0.313435\n",
      "79             Florida  2016  0.119624  0.538655  0.341722\n",
      "80             Florida  2017  0.177977  0.480751  0.341272\n",
      "81             Georgia  2009  0.166667  0.833333  0.000000\n",
      "82             Georgia  2010  0.071429  0.757143  0.171429\n",
      "83             Georgia  2011  0.110186  0.621939  0.267875\n",
      "84             Georgia  2012  0.123282  0.581615  0.295103\n",
      "85             Georgia  2013  0.094664  0.606426  0.298910\n",
      "86             Georgia  2014  0.076591  0.580815  0.342594\n",
      "87             Georgia  2015  0.083929  0.576035  0.340037\n",
      "88             Georgia  2016  0.083889  0.557705  0.358406\n",
      "89             Georgia  2017  0.113454  0.535195  0.351351\n",
      "90              Hawaii  2011  0.015198  0.899696  0.085106\n",
      "91              Hawaii  2012  0.101778  0.824647  0.073574\n",
      "92              Hawaii  2013  0.108477  0.690374  0.201149\n",
      "93              Hawaii  2014  0.138585  0.664175  0.197240\n",
      "94              Hawaii  2015  0.095725  0.706320  0.197955\n",
      "95              Hawaii  2016  0.074680  0.707230  0.218090\n",
      "96              Hawaii  2017  0.152039  0.540083  0.307878\n",
      "97               Idaho  2009  0.087838  0.817568  0.094595\n",
      "98               Idaho  2010  0.033195  0.796680  0.170124\n",
      "99               Idaho  2011  0.030488  0.762195  0.207317\n",
      "100              Idaho  2012  0.055556  0.760684  0.183761\n",
      "101              Idaho  2013  0.051173  0.710554  0.238273\n",
      "102              Idaho  2014  0.054679  0.725479  0.219842\n",
      "103              Idaho  2015  0.031477  0.636804  0.331719\n",
      "104              Idaho  2016  0.024889  0.680000  0.295111\n",
      "105              Idaho  2017  0.036866  0.630184  0.332949\n",
      "106           Illinois  2011  0.133858  0.661417  0.204724\n",
      "107           Illinois  2012  0.206989  0.586022  0.206989\n",
      "108           Illinois  2013  0.140374  0.647727  0.211898\n",
      "109           Illinois  2014  0.166054  0.568483  0.265463\n",
      "110           Illinois  2015  0.160696  0.542516  0.296788\n",
      "111           Illinois  2016  0.147111  0.555102  0.297787\n",
      "112           Illinois  2017  0.225810  0.453142  0.321048\n",
      "113            Indiana  2010  0.055556  0.805556  0.138889\n",
      "114            Indiana  2011  0.097208  0.676319  0.226474\n",
      "115            Indiana  2012  0.082898  0.772218  0.144884\n",
      "116            Indiana  2013  0.089382  0.642199  0.268418\n",
      "117            Indiana  2014  0.077775  0.695263  0.226962\n",
      "118            Indiana  2015  0.067509  0.700903  0.231588\n",
      "119            Indiana  2016  0.061395  0.630297  0.308308\n",
      "120            Indiana  2017  0.082229  0.620503  0.297268\n",
      "121               Iowa  2009  0.031915  0.757979  0.210106\n",
      "122               Iowa  2010  0.096774  0.440860  0.462366\n",
      "123               Iowa  2011  0.063830  0.686170  0.250000\n",
      "124               Iowa  2012  0.042935  0.704918  0.252147\n",
      "125               Iowa  2013  0.074913  0.630662  0.294425\n",
      "126               Iowa  2014  0.052375  0.644918  0.302708\n",
      "127               Iowa  2015  0.039392  0.729918  0.230690\n",
      "128               Iowa  2016  0.034747  0.743590  0.221663\n",
      "129               Iowa  2017  0.045050  0.702447  0.252503\n",
      "130             Kansas  2010  0.277397  0.445205  0.277397\n",
      "131             Kansas  2011  0.028000  0.772000  0.200000\n",
      "132             Kansas  2012  0.051741  0.712438  0.235821\n",
      "133             Kansas  2013  0.071457  0.690880  0.237663\n",
      "134             Kansas  2014  0.063611  0.733120  0.203269\n",
      "135             Kansas  2015  0.055664  0.605493  0.338843\n",
      "136             Kansas  2016  0.055866  0.592179  0.351955\n",
      "137             Kansas  2017  0.052413  0.555267  0.392320\n",
      "138           Kentucky  2012  0.109091  0.613636  0.277273\n",
      "139           Kentucky  2013  0.058476  0.556999  0.384525\n",
      "140           Kentucky  2014  0.099010  0.637341  0.263649\n",
      "141           Kentucky  2015  0.080292  0.565867  0.353841\n",
      "142           Kentucky  2016  0.064210  0.605914  0.329876\n",
      "143           Kentucky  2017  0.067073  0.562282  0.370645\n",
      "144          Louisiana  2011  0.116352  0.613208  0.270440\n",
      "145          Louisiana  2012  0.128878  0.682578  0.188544\n",
      "146          Louisiana  2013  0.146819  0.593801  0.259380\n",
      "147          Louisiana  2014  0.134317  0.459627  0.406056\n",
      "148          Louisiana  2015  0.080729  0.570312  0.348958\n",
      "149          Louisiana  2016  0.064345  0.595779  0.339876\n",
      "150          Louisiana  2017  0.063630  0.555981  0.380389\n",
      "151              Maine  2009  0.118033  0.734426  0.147541\n",
      "152              Maine  2010  0.103896  0.629870  0.266234\n",
      "153              Maine  2011  0.106280  0.642512  0.251208\n",
      "154              Maine  2012  0.114545  0.703636  0.181818\n",
      "155              Maine  2013  0.092981  0.704859  0.202160\n",
      "156              Maine  2014  0.125591  0.700998  0.173410\n",
      "157              Maine  2015  0.125580  0.702087  0.172334\n",
      "158              Maine  2016  0.086166  0.682884  0.230950\n",
      "159              Maine  2017  0.204593  0.581768  0.213640\n",
      "160           Maryland  2011  0.230303  0.578788  0.190909\n",
      "161           Maryland  2012  0.231681  0.547414  0.220905\n",
      "162           Maryland  2013  0.145257  0.529150  0.325593\n",
      "163           Maryland  2014  0.151448  0.500630  0.347922\n",
      "164           Maryland  2015  0.134687  0.493909  0.371404\n",
      "165           Maryland  2016  0.129173  0.493571  0.377256\n",
      "166           Maryland  2017  0.234265  0.384658  0.381077\n",
      "167      Massachusetts  2009  0.048414  0.562604  0.388982\n",
      "168      Massachusetts  2011  0.078704  0.777778  0.143519\n",
      "169      Massachusetts  2012  0.033784  0.844595  0.121622\n",
      "170      Massachusetts  2013  0.114897  0.687797  0.197306\n",
      "171      Massachusetts  2014  0.154199  0.649606  0.196194\n",
      "172      Massachusetts  2015  0.139561  0.634455  0.225983\n",
      "173      Massachusetts  2016  0.156511  0.531093  0.312396\n",
      "174      Massachusetts  2017  0.275943  0.361152  0.362906\n",
      "175           Michigan  2009  0.106870  0.816794  0.076336\n",
      "176           Michigan  2010  0.118943  0.788546  0.092511\n",
      "177           Michigan  2011  0.186131  0.536496  0.277372\n",
      "178           Michigan  2012  0.213592  0.496533  0.289875\n",
      "179           Michigan  2013  0.147010  0.536174  0.316815\n",
      "180           Michigan  2014  0.155271  0.570198  0.274530\n",
      "181           Michigan  2015  0.147846  0.558982  0.293172\n",
      "182           Michigan  2016  0.101334  0.586198  0.312468\n",
      "183           Michigan  2017  0.151084  0.522332  0.326583\n",
      "184          Minnesota  2010  0.000000  0.888889  0.111111\n",
      "185          Minnesota  2011  0.046512  0.840532  0.112957\n",
      "186          Minnesota  2012  0.146870  0.741954  0.111176\n",
      "187          Minnesota  2013  0.152870  0.647530  0.199599\n",
      "188          Minnesota  2014  0.129467  0.679441  0.191093\n",
      "189          Minnesota  2015  0.117291  0.676081  0.206628\n",
      "190          Minnesota  2016  0.129202  0.607593  0.263205\n",
      "191          Minnesota  2017  0.173542  0.516991  0.309468\n",
      "192        Mississippi  2010  0.000000  0.833333  0.166667\n",
      "193        Mississippi  2011  0.122172  0.583710  0.294118\n",
      "194        Mississippi  2012  0.089344  0.674590  0.236066\n",
      "195        Mississippi  2013  0.067253  0.697879  0.234868\n",
      "196        Mississippi  2014  0.077766  0.684556  0.237678\n",
      "197        Mississippi  2015  0.065041  0.666667  0.268293\n",
      "198        Mississippi  2016  0.034351  0.690840  0.274809\n",
      "199        Mississippi  2017  0.020666  0.637199  0.342135\n",
      "200           Missouri  2009  0.064394  0.693182  0.242424\n",
      "201           Missouri  2010  0.067146  0.702638  0.230216\n",
      "202           Missouri  2011  0.049206  0.784127  0.166667\n",
      "203           Missouri  2012  0.035448  0.798507  0.166045\n",
      "204           Missouri  2013  0.110638  0.608794  0.280567\n",
      "205           Missouri  2014  0.115621  0.620472  0.263907\n",
      "206           Missouri  2015  0.094845  0.611261  0.293894\n",
      "207           Missouri  2016  0.069504  0.603641  0.326854\n",
      "208           Missouri  2017  0.124322  0.511055  0.364622\n",
      "209            Montana  2012  0.091954  0.712644  0.195402\n",
      "210            Montana  2013  0.065574  0.557377  0.377049\n",
      "211            Montana  2014  0.112554  0.667388  0.220058\n",
      "212            Montana  2015  0.114870  0.590003  0.295127\n",
      "213            Montana  2016  0.073140  0.599174  0.327686\n",
      "214            Montana  2017  0.077543  0.509305  0.413151\n",
      "215           Nebraska  2009  0.019802  0.836634  0.143564\n",
      "216           Nebraska  2010  0.032653  0.832653  0.134694\n",
      "217           Nebraska  2011  0.054945  0.769231  0.175824\n",
      "218           Nebraska  2012  0.064955  0.528701  0.406344\n",
      "219           Nebraska  2013  0.050894  0.687758  0.261348\n",
      "220           Nebraska  2014  0.105756  0.667336  0.226908\n",
      "221           Nebraska  2015  0.061852  0.651055  0.287093\n",
      "222           Nebraska  2016  0.042200  0.598063  0.359737\n",
      "223           Nebraska  2017  0.056238  0.600000  0.343762\n",
      "224             Nevada  2011  0.016713  0.846797  0.136490\n",
      "225             Nevada  2012  0.100000  0.753571  0.146429\n",
      "226             Nevada  2013  0.046154  0.760440  0.193407\n",
      "227             Nevada  2014  0.037120  0.718785  0.244094\n",
      "228             Nevada  2015  0.054545  0.671614  0.273840\n",
      "229             Nevada  2016  0.083214  0.591060  0.325725\n",
      "230             Nevada  2017  0.223763  0.442088  0.334149\n",
      "231      New Hampshire  2013  0.172020  0.589579  0.238401\n",
      "232      New Hampshire  2014  0.142232  0.669584  0.188184\n",
      "233      New Hampshire  2015  0.116818  0.707273  0.175909\n",
      "234      New Hampshire  2016  0.126263  0.678030  0.195707\n",
      "235      New Hampshire  2017  0.242011  0.482585  0.275404\n",
      "236         New Jersey  2009  0.020979  0.951049  0.027972\n",
      "237         New Jersey  2010  0.088235  0.823529  0.088235\n",
      "238         New Jersey  2011  0.136546  0.706827  0.156627\n",
      "239         New Jersey  2012  0.131868  0.745879  0.122253\n",
      "240         New Jersey  2013  0.151180  0.648920  0.199900\n",
      "241         New Jersey  2014  0.124658  0.629979  0.245363\n",
      "242         New Jersey  2015  0.154532  0.636701  0.208767\n",
      "243         New Jersey  2016  0.105546  0.574661  0.319794\n",
      "244         New Jersey  2017  0.194508  0.484917  0.320575\n",
      "245         New Mexico  2009  0.046729  0.859813  0.093458\n",
      "246         New Mexico  2010  0.016771  0.802935  0.180294\n",
      "247         New Mexico  2011  0.060606  0.840909  0.098485\n",
      "248         New Mexico  2012  0.131171  0.705219  0.163611\n",
      "249         New Mexico  2013  0.112349  0.700557  0.187094\n",
      "250         New Mexico  2014  0.183507  0.608065  0.208428\n",
      "251         New Mexico  2015  0.196159  0.585048  0.218793\n",
      "252         New Mexico  2016  0.144182  0.547315  0.308504\n",
      "253         New Mexico  2017  0.287083  0.406317  0.306600\n",
      "254           New York  2009  0.051429  0.862857  0.085714\n",
      "255           New York  2010  0.031365  0.861624  0.107011\n",
      "256           New York  2011  0.160627  0.637610  0.201763\n",
      "257           New York  2012  0.165377  0.632979  0.201644\n",
      "258           New York  2013  0.182986  0.582792  0.234222\n",
      "259           New York  2014  0.190693  0.560904  0.248404\n",
      "260           New York  2015  0.194109  0.538049  0.267843\n",
      "261           New York  2016  0.165310  0.533697  0.300993\n",
      "262           New York  2017  0.225274  0.431718  0.343009\n",
      "263     North Carolina  2009  0.079245  0.622642  0.298113\n",
      "264     North Carolina  2010  0.070410  0.606952  0.322638\n",
      "265     North Carolina  2011  0.121835  0.589399  0.288766\n",
      "266     North Carolina  2012  0.148395  0.588734  0.262871\n",
      "267     North Carolina  2013  0.129748  0.561835  0.308417\n",
      "268     North Carolina  2014  0.109431  0.534682  0.355887\n",
      "269     North Carolina  2015  0.119462  0.536140  0.344397\n",
      "270     North Carolina  2016  0.099390  0.568415  0.332196\n",
      "271     North Carolina  2017  0.132624  0.516489  0.350887\n",
      "272       North Dakota  2012  0.029412  0.750000  0.220588\n",
      "273       North Dakota  2013  0.035422  0.787466  0.177112\n",
      "274       North Dakota  2014  0.048718  0.797436  0.153846\n",
      "275       North Dakota  2015  0.070612  0.675185  0.254203\n",
      "276       North Dakota  2016  0.089137  0.633866  0.276997\n",
      "277       North Dakota  2017  0.112689  0.632102  0.255208\n",
      "278               Ohio  2008  0.038462  0.807692  0.153846\n",
      "279               Ohio  2009  0.174107  0.674107  0.151786\n",
      "280               Ohio  2010  0.161202  0.516393  0.322404\n",
      "281               Ohio  2011  0.141111  0.597407  0.261481\n",
      "282               Ohio  2012  0.081062  0.678623  0.240316\n",
      "283               Ohio  2013  0.087061  0.665804  0.247135\n",
      "284               Ohio  2014  0.086890  0.668845  0.244265\n",
      "285               Ohio  2015  0.109189  0.622250  0.268561\n",
      "286               Ohio  2016  0.087599  0.516257  0.396144\n",
      "287               Ohio  2017  0.147650  0.493170  0.359180\n",
      "288           Oklahoma  2012  0.069264  0.547619  0.383117\n",
      "289           Oklahoma  2013  0.081455  0.619446  0.299099\n",
      "290           Oklahoma  2014  0.067877  0.623125  0.308998\n",
      "291           Oklahoma  2015  0.087085  0.617712  0.295203\n",
      "292           Oklahoma  2016  0.083919  0.569620  0.346460\n",
      "293           Oklahoma  2017  0.056045  0.588791  0.355164\n",
      "294             Oregon  2008  0.000000  0.583333  0.416667\n",
      "295             Oregon  2009  0.108824  0.673529  0.217647\n",
      "296             Oregon  2010  0.103448  0.579937  0.316614\n",
      "297             Oregon  2011  0.175050  0.571429  0.253521\n",
      "298             Oregon  2012  0.193390  0.566707  0.239902\n",
      "299             Oregon  2013  0.164258  0.600526  0.235217\n",
      "300             Oregon  2014  0.155211  0.643016  0.201774\n",
      "301             Oregon  2015  0.203787  0.591716  0.204497\n",
      "302             Oregon  2016  0.206770  0.533760  0.259469\n",
      "303             Oregon  2017  0.316728  0.357770  0.325502\n",
      "304       Pennsylvania  2009  0.069328  0.651261  0.279412\n",
      "305       Pennsylvania  2010  0.092412  0.638132  0.269455\n",
      "306       Pennsylvania  2011  0.066529  0.748347  0.185124\n",
      "307       Pennsylvania  2012  0.075827  0.689059  0.235115\n",
      "308       Pennsylvania  2013  0.141941  0.525822  0.332237\n",
      "309       Pennsylvania  2014  0.107665  0.611521  0.280814\n",
      "310       Pennsylvania  2015  0.105214  0.602976  0.291810\n",
      "311       Pennsylvania  2016  0.082431  0.595685  0.321885\n",
      "312       Pennsylvania  2017  0.172485  0.501901  0.325614\n",
      "313       Rhode Island  2013  0.224599  0.665775  0.109626\n",
      "314       Rhode Island  2014  0.183351  0.676502  0.140148\n",
      "315       Rhode Island  2015  0.173825  0.657618  0.168558\n",
      "316       Rhode Island  2016  0.139867  0.640273  0.219860\n",
      "317       Rhode Island  2017  0.233642  0.462145  0.304214\n",
      "318     South Carolina  2008  0.000000  0.800000  0.200000\n",
      "319     South Carolina  2009  0.126667  0.725000  0.148333\n",
      "320     South Carolina  2010  0.105263  0.645161  0.249576\n",
      "321     South Carolina  2011  0.078184  0.648172  0.273644\n",
      "322     South Carolina  2012  0.086634  0.551361  0.362005\n",
      "323     South Carolina  2013  0.095575  0.564012  0.340413\n",
      "324     South Carolina  2014  0.091444  0.568256  0.340300\n",
      "325     South Carolina  2015  0.063102  0.589950  0.346948\n",
      "326     South Carolina  2016  0.048140  0.565976  0.385884\n",
      "327     South Carolina  2017  0.067543  0.557138  0.375319\n",
      "328       South Dakota  2011  0.010870  0.744565  0.244565\n",
      "329       South Dakota  2012  0.030466  0.677419  0.292115\n",
      "330       South Dakota  2013  0.034897  0.682494  0.282609\n",
      "331       South Dakota  2014  0.054197  0.708393  0.237410\n",
      "332       South Dakota  2015  0.045439  0.666553  0.288008\n",
      "333       South Dakota  2016  0.033505  0.709867  0.256627\n",
      "334       South Dakota  2017  0.060034  0.643225  0.296741\n",
      "335          Tennessee  2009  0.048780  0.841463  0.109756\n",
      "336          Tennessee  2010  0.051587  0.708333  0.240079\n",
      "337          Tennessee  2011  0.073200  0.657615  0.269185\n",
      "338          Tennessee  2012  0.055006  0.643387  0.301607\n",
      "339          Tennessee  2013  0.046486  0.604313  0.349202\n",
      "340          Tennessee  2014  0.072122  0.571901  0.355977\n",
      "341          Tennessee  2015  0.100481  0.528934  0.370585\n",
      "342          Tennessee  2016  0.070957  0.530994  0.398049\n",
      "343          Tennessee  2017  0.106571  0.489429  0.404000\n",
      "344              Texas  2009  0.091160  0.607735  0.301105\n",
      "345              Texas  2010  0.126706  0.558480  0.314815\n",
      "346              Texas  2011  0.128713  0.586139  0.285149\n",
      "347              Texas  2012  0.089625  0.597983  0.312392\n",
      "348              Texas  2013  0.081679  0.593272  0.325049\n",
      "349              Texas  2014  0.099823  0.576780  0.323397\n",
      "350              Texas  2015  0.077264  0.578068  0.344668\n",
      "351              Texas  2016  0.062324  0.559296  0.378380\n",
      "352              Texas  2017  0.092366  0.492698  0.414936\n",
      "353               Utah  2011  0.128713  0.425743  0.445545\n",
      "354               Utah  2012  0.053738  0.574766  0.371495\n",
      "355               Utah  2013  0.089578  0.539190  0.371232\n",
      "356               Utah  2014  0.058640  0.671409  0.269951\n",
      "357               Utah  2015  0.035546  0.663337  0.301116\n",
      "358               Utah  2016  0.038164  0.579256  0.382581\n",
      "359               Utah  2017  0.038142  0.526813  0.435045\n",
      "360            Vermont  2013  0.050794  0.580952  0.368254\n",
      "361            Vermont  2014  0.088398  0.591160  0.320442\n",
      "362            Vermont  2015  0.122449  0.602041  0.275510\n",
      "363            Vermont  2016  0.362406  0.360630  0.276964\n",
      "364            Vermont  2017  0.300435  0.380261  0.319303\n",
      "365           Virginia  2010  0.035897  0.833333  0.130769\n",
      "366           Virginia  2011  0.053490  0.696283  0.250227\n",
      "367           Virginia  2012  0.054307  0.679775  0.265918\n",
      "368           Virginia  2013  0.096919  0.639776  0.263305\n",
      "369           Virginia  2014  0.086039  0.609091  0.304870\n",
      "370           Virginia  2015  0.087313  0.620829  0.291858\n",
      "371           Virginia  2016  0.081307  0.565419  0.353274\n",
      "372           Virginia  2017  0.195083  0.447442  0.357475\n",
      "373         Washington  2009  0.054264  0.860465  0.085271\n",
      "374         Washington  2010  0.090615  0.692557  0.216828\n",
      "375         Washington  2011  0.093023  0.711354  0.195622\n",
      "376         Washington  2012  0.130435  0.644501  0.225064\n",
      "377         Washington  2013  0.136472  0.630052  0.233476\n",
      "378         Washington  2014  0.156320  0.646832  0.196848\n",
      "379         Washington  2015  0.187400  0.612600  0.200000\n",
      "380         Washington  2016  0.159575  0.528380  0.312044\n",
      "381         Washington  2017  0.289694  0.425313  0.284993\n",
      "382      West Virginia  2013  0.058986  0.672811  0.268203\n",
      "383      West Virginia  2014  0.057301  0.774194  0.168506\n",
      "384      West Virginia  2015  0.091562  0.674206  0.234232\n",
      "385      West Virginia  2016  0.081967  0.720022  0.198011\n",
      "386      West Virginia  2017  0.139555  0.557363  0.303082\n",
      "387          Wisconsin  2010  0.125000  0.600000  0.275000\n",
      "388          Wisconsin  2011  0.150338  0.513514  0.336149\n",
      "389          Wisconsin  2012  0.099078  0.534562  0.366359\n",
      "390          Wisconsin  2013  0.270113  0.465993  0.263894\n",
      "391          Wisconsin  2014  0.204596  0.458924  0.336481\n",
      "392          Wisconsin  2015  0.115955  0.489974  0.394071\n",
      "393          Wisconsin  2016  0.114850  0.482853  0.402297\n",
      "394          Wisconsin  2017  0.135499  0.442491  0.422011\n",
      "395            Wyoming  2011  0.163265  0.418367  0.418367\n",
      "396            Wyoming  2012  0.095685  0.478424  0.425891\n",
      "397            Wyoming  2013  0.119355  0.477419  0.403226\n",
      "398            Wyoming  2014  0.110969  0.548428  0.340603\n",
      "399            Wyoming  2015  0.072022  0.595568  0.332410\n",
      "400            Wyoming  2016  0.035073  0.589723  0.375204\n",
      "401            Wyoming  2017  0.020040  0.573146  0.406814\n"
     ]
    }
   ],
   "source": [
    "# counts per (state, year, stance)\n",
    "counts_sy = (\n",
    "    df_tweets\n",
    "    .groupby([\"state\", \"year\", \"stance\"])\n",
    "    .size()\n",
    "    .reset_index(name=\"n\")\n",
    ")\n",
    "\n",
    "counts_sy[\"prop\"] = (\n",
    "    counts_sy\n",
    "    .groupby([\"state\", \"year\"])[\"n\"]\n",
    "    .transform(lambda x: x / x.sum())\n",
    ")\n",
    "\n",
    "stance_state_year = (\n",
    "    counts_sy\n",
    "    .pivot_table(\n",
    "        index=[\"state\", \"year\"],\n",
    "        columns=\"stance\",\n",
    "        values=\"prop\"\n",
    "    )\n",
    "    .fillna(0)\n",
    "    .reset_index()\n",
    ")\n",
    "\n",
    "with pd.option_context(\"display.max_rows\", None):\n",
    "    print(stance_state_year)"
   ]
  },
  {
   "cell_type": "code",
   "execution_count": 51,
   "metadata": {},
   "outputs": [
    {
     "name": "stdout",
     "output_type": "stream",
     "text": [
      "     state  year               office   stance    n      prop\n",
      "0  Alabama  2009             Governor     Left   10  0.088496\n",
      "1  Alabama  2009             Governor  Neutral   90  0.796460\n",
      "2  Alabama  2009             Governor    Right   13  0.115044\n",
      "3  Alabama  2009  U.S. Representative     Left    5  0.023923\n",
      "4  Alabama  2009  U.S. Representative  Neutral  189  0.904306\n"
     ]
    }
   ],
   "source": [
    "counts_syo = (\n",
    "    df_tweets\n",
    "    .groupby([\"state\", \"year\", \"office\", \"stance\"])\n",
    "    .size()\n",
    "    .reset_index(name=\"n\")\n",
    ")\n",
    "\n",
    "counts_syo[\"prop\"] = (\n",
    "    counts_syo\n",
    "    .groupby([\"state\", \"year\", \"office\"])[\"n\"]\n",
    "    .transform(lambda x: x / x.sum())\n",
    ")\n",
    "\n",
    "print(counts_syo.head())"
   ]
  },
  {
   "cell_type": "code",
   "execution_count": 52,
   "metadata": {},
   "outputs": [],
   "source": [
    "map_df = stance_state_year.copy()\n",
    "\n",
    "# ensure missing stances are 0\n",
    "for col in [\"Left\", \"Neutral\", \"Right\"]:\n",
    "    if col not in map_df.columns:\n",
    "        map_df[col] = 0.0\n",
    "\n",
    "map_df[\"prop_right\"] = map_df[\"Right\"]\n",
    "map_df[\"prop_left\"] = map_df[\"Left\"]\n",
    "map_df[\"polarization\"] = (map_df[\"Right\"] - map_df[\"Left\"]).abs()"
   ]
  },
  {
   "cell_type": "code",
   "execution_count": 53,
   "metadata": {},
   "outputs": [],
   "source": [
    "state_to_abbrev = {\n",
    "    \"Alabama\": \"AL\", \"Alaska\": \"AK\", \"Arizona\": \"AZ\", \"Arkansas\": \"AR\",\n",
    "    \"California\": \"CA\", \"Colorado\": \"CO\", \"Connecticut\": \"CT\", \"Delaware\": \"DE\",\n",
    "    \"District of Columbia\": \"DC\",\n",
    "    \"Florida\": \"FL\", \"Georgia\": \"GA\", \"Hawaii\": \"HI\", \"Idaho\": \"ID\",\n",
    "    \"Illinois\": \"IL\", \"Indiana\": \"IN\", \"Iowa\": \"IA\", \"Kansas\": \"KS\",\n",
    "    \"Kentucky\": \"KY\", \"Louisiana\": \"LA\", \"Maine\": \"ME\", \"Maryland\": \"MD\",\n",
    "    \"Massachusetts\": \"MA\", \"Michigan\": \"MI\", \"Minnesota\": \"MN\",\n",
    "    \"Mississippi\": \"MS\", \"Missouri\": \"MO\", \"Montana\": \"MT\", \"Nebraska\": \"NE\",\n",
    "    \"Nevada\": \"NV\", \"New Hampshire\": \"NH\", \"New Jersey\": \"NJ\",\n",
    "    \"New Mexico\": \"NM\", \"New York\": \"NY\", \"North Carolina\": \"NC\",\n",
    "    \"North Dakota\": \"ND\", \"Ohio\": \"OH\", \"Oklahoma\": \"OK\", \"Oregon\": \"OR\",\n",
    "    \"Pennsylvania\": \"PA\", \"Rhode Island\": \"RI\", \"South Carolina\": \"SC\",\n",
    "    \"South Dakota\": \"SD\", \"Tennessee\": \"TN\", \"Texas\": \"TX\", \"Utah\": \"UT\",\n",
    "    \"Vermont\": \"VT\", \"Virginia\": \"VA\", \"Washington\": \"WA\",\n",
